0.11,  0.1334,  0.0672,  0.01865416321;
0.12,  0.1469,  0.0683,  0.01881918727;
0.13,  0.1602,  0.0694,  0.01900097559;
0.14,  0.1735,  0.0705,  0.01920011260;
0.15,  0.1866,  0.0717,  0.01941692157;
0.16,  0.1997,  0.0729,  0.01965157577;
0.17,  0.2128,  0.0742,  0.01990416033;
0.18,  0.2258,  0.0756,  0.02017470774;
0.19,  0.2387,  0.0769,  0.02046321870;
0.20,  0.2516,  0.0783,  0.02076967462;
0.21,  0.2645,  0.0798,  0.02109404507;
0.22,  0.2774,  0.0813,  0.02143629239;
0.23,  0.2903,  0.0828,  0.02179637439;
0.24,  0.3031,  0.0843,  0.02217424594;
0.25,  0.3159,  0.0859,  0.02256985981;
0.26,  0.3287,  0.0875,  0.02298316701;
0.27,  0.3415,  0.0891,  0.02341411683;
0.28,  0.3543,  0.0907,  0.02386265654;
0.29,  0.3671,  0.0924,  0.02432873094;
0.30,  0.3798,  0.0941,  0.02481228169;
